2017 01 01 03   207   181 10219    90    40     7 -9999 -9999
2017 01 01 09   216   188 10183    70    30     7 -9999 -9999
2017 01 01 15   206   187 10204    90    40     9 -9999 -9999
2017 01 01 21   204   189 10185    90    20     9 -9999 -9999
2017 01 02 03   231   197 10204    70    30     7 -9999 -9999
2017 01 02 09   214   186 10187    90    50     7 -9999 -9999
2017 01 02 15   197   177 10204    90    20     9 -9999 -9999
2017 01 02 21   183   175 10189    20    10     9 -9999 -9999
2017 01 03 03   238   168 10204    40    30     2 -9999 -9999
2017 01 03 09   231   159 10170    90    50     1 -9999 -9999
2017 01 03 15   205   186 10192    90    40     9 -9999 -9999
2017 01 03 21   202   189 10171    70    30     9 -9999 -9999
2017 01 04 03   233   186 10191    70    50     6 -9999 -9999
2017 01 04 09   219   185 10154    70    40     7 -9999 -9999
2017 01 04 15   207   186 10180    70    30     9 -9999 -9999
2017 01 04 21   207   190 10157    90    40     9 -9999 -9999
2017 01 05 00   207   195 10161    90    20     7 -9999 -9999
2017 01 05 03   232   205 10171    20    20     7 -9999 -9999
2017 01 05 09   241   200 10144    70    40     5 -9999 -9999
2017 01 05 15   213   198 10165    90    30     9 -9999 -9999
2017 01 05 21   210   197 10143    90    10     9 -9999 -9999
2017 01 06 03   227   202 10163    70    40     6 -9999 -9999
2017 01 06 09   221   189 10127    90    30     7 -9999 -9999
2017 01 06 15   214   199 10142    70    20     9 -9999 -9999
2017 01 06 21   220   206 10119    90    10     9 -9999 -9999
2017 01 07 03   238   213 10143    90    30     7 -9999 -9999
2017 01 07 09   225   215 10107    70    30     8 -9999 -9999
2017 01 07 15   220   212 10130    90    30     9 -9999 -9999
2017 01 07 21   217   210 10116    90    20     9 -9999 -9999
2017 01 08 03   228   211 10149    90    20     8 -9999 -9999
2017 01 08 09   243   202 10111    70    50     3 -9999 -9999
2017 01 08 15   216   202 10142   110    20     9 -9999 -9999
2017 01 08 21   210   200 10131    70    20     9 -9999 -9999
2017 01 09 03   218   188 10169    70    60     7 -9999 -9999
2017 01 09 09   215   191 10133    90    50     8 -9999 -9999
2017 01 09 15   215   196 10159    90    30     9 -9999 -9999
2017 01 09 21   212   193 10142    70    40     9 -9999 -9999
2017 01 10 03   238   197 10172    90    40     6 -9999 -9999
2017 01 10 09   220   203 10143    70    40     8 -9999 -9999
2017 01 10 15   219   204 10164    90    40     9 -9999 -9999
2017 01 10 21   213   199 10146    90    40     9 -9999 -9999
2017 01 11 03   219   193 10167    90    50     7 -9999 -9999
2017 01 11 09   209   196 10136    90    40     7 -9999 -9999
2017 01 11 15   207   197 10154    90    50     9 -9999 -9999
2017 01 11 21   211   201 10131    90    30     9 -9999 -9999
2017 01 12 03   219   205 10144    90    40     8 -9999 -9999
2017 01 12 09   209   201 10112    70    50     8 -9999 -9999
2017 01 12 15   161   156 10151    20    30     9 -9999 -9999
2017 01 12 21   142   137 10146   360    40     9 -9999 -9999
2017 01 13 03   140   135 10170   360    30     8 -9999 -9999
2017 01 13 09   145   139 10149    20    20     8 -9999 -9999
2017 01 13 15   152   144 10168    40    30     9 -9999 -9999
2017 01 13 21   163   155 10155    70    30     9 -9999 -9999
2017 01 14 03   170   164 10172    70    30     8 -9999 -9999
2017 01 14 09   174   164 10162    70    30     8 -9999 -9999
2017 01 14 15   177   172 10174    70    40     9 -9999 -9999
2017 01 14 21   172   167 10172    40    50     9 -9999 -9999
2017 01 15 03   176   170 10198    70    50     8 -9999 -9999
2017 01 15 09   169   164 10176    70    50     8 -9999 -9999
2017 01 15 15   162   157 10191    40    60     9 -9999 -9999
2017 01 15 18   160   155 10184    40    60     9 -9999    20
2017 01 15 21   162   157 10181    70    40     9 -9999 -9999
2017 01 16 03   171   165 10196    70    40     8 -9999 -9999
2017 01 16 09   183   178 10158    70    40     8 -9999 -9999
2017 01 16 15   192   189 10185    40    20     9 -9999 -9999
2017 01 16 21   200   193 10168    90    30     9 -9999 -9999
2017 01 17 03   204   192 10201    70    50     8 -9999 -9999
2017 01 17 09   201   193 10168    90    50     7 -9999 -9999
2017 01 17 15   203   196 10204    70    20     9 -9999 -9999
2017 01 17 21   200   195 10188    90    40     9 -9999 -9999
2017 01 18 03   222   201 10213    90    30     7 -9999 -9999
2017 01 18 15   205   193 10202    90    40     9 -9999 -9999
2017 01 18 21   204   194 10184    40    20     9 -9999 -9999
2017 01 19 03   210   195 10212    70    40     7 -9999 -9999
2017 01 19 09   224   199 10173    70    10     7 -9999 -9999
2017 01 19 15   202   189 10202    40    20     9 -9999 -9999
2017 01 19 21   197   184 10200    70    50     9 -9999 -9999
2017 01 20 03   187   165 10230    70    50     8 -9999 -9999
2017 01 20 09   180   151 10201    90    30     7 -9999 -9999
2017 01 20 15   182   155 10222    70    30     9 -9999 -9999
2017 01 20 21   175   140 10220    70    60     9 -9999 -9999
2017 01 21 03   176   143 10261    70    40     8 -9999 -9999
2017 01 21 09   178   149 10227    70    40     8 -9999 -9999
2017 01 21 15   173   146 10263    70    20     9 -9999 -9999
2017 01 21 21   174   145 10254    40    40     9 -9999 -9999
2017 01 22 03   196   131 10278    90    40     7 -9999 -9999
2017 01 22 09   192   127 10229    70    40     7 -9999 -9999
2017 01 22 15   160   127 10249   110    10     9 -9999 -9999
2017 01 22 21   165   130 10233    40    30     9 -9999 -9999
2017 01 23 03   197   127 10264    70    50     5 -9999 -9999
2017 01 23 09   194   140 10222    70    40     7 -9999 -9999
2017 01 23 15   184   153 10237    90    40     9 -9999 -9999
2017 01 23 21   188   168 -9999    70    40     9 -9999 -9999
2017 01 24 03   197   169 10239    90    60     9 -9999 -9999
2017 01 24 09   194   170 10215    70    40     8 -9999 -9999
2017 01 24 15   194   179 10241    70    40     9 -9999 -9999
2017 01 24 21   182   160 10232    70    60     9 -9999 -9999
2017 01 25 03   195   162 10255    70    60     7 -9999 -9999
2017 01 25 09   201   167 10225    70    50     7 -9999 -9999
2017 01 25 15   180   162 10248    90    20     9 -9999 -9999
2017 01 25 21   169   159 10232    90    10     9 -9999 -9999
2017 01 26 03   208   164 10252    90    40     7 -9999 -9999
2017 01 26 09   205   155 10207    70    60     6 -9999 -9999
2017 01 26 15   180   158 10220    90    30     9 -9999 -9999
2017 01 26 21   171   147 10219    90    20     9 -9999 -9999
2017 01 27 00   179   140 10234    70    30     1 -9999 -9999
2017 01 27 03   218   140 10241    70    40     4 -9999 -9999
2017 01 27 06   221   145 10210    70    40     6 -9999 -9999
2017 01 27 09   201   153 10195    70    60     6 -9999 -9999
2017 01 27 15   170   129 10204    90    30     9 -9999 -9999
2017 01 27 21   155   144 10178   140    20     9 -9999 -9999
2017 01 28 03   224   150 10198    90    30     4 -9999 -9999
2017 01 28 09   215   169 10147    70    40     7 -9999 -9999
2017 01 28 15   197   177 10161   140    10     9 -9999 -9999
2017 01 28 21   190   182 10143   180    10     9 -9999 -9999
2017 01 29 03   226   184 10174   110    20     6 -9999 -9999
2017 01 29 09   231   182 10137    90    30     4 -9999 -9999
2017 01 29 15   197   182 10172    40    10     9 -9999 -9999
2017 01 29 21   194   182 10162    40    30     9 -9999 -9999
2017 01 30 03   227   178 10194    70    30     7 -9999 -9999
2017 01 30 09   208   178 10165    70    60     7 -9999 -9999
2017 01 30 15   200   174 10174    90    20     9 -9999 -9999
2017 01 30 18   205   180 10173    70    40 -9999 -9999 -9999
2017 01 30 21   194   174 10167    70    40     9 -9999 -9999
2017 01 31 03   195   187 10195    70    40     8 -9999 -9999
2017 01 31 09   189   181 10170    70    50     8 -9999 -9999
2017 01 31 15   184   178 10190    70    50     9 -9999 -9999
2017 01 31 21   186   174 10186    70    40     9 -9999 -9999
2017 02 01 03   189   174 10216    70    50     7 -9999 -9999
2017 02 01 09   192   164 10192    70    50     7 -9999 -9999
2017 02 01 15   186   168 10212    90    30     9 -9999 -9999
2017 02 01 21   191   171 10203    70    40     9 -9999 -9999
2017 02 02 03   198   174 10226    70    50     7 -9999 -9999
2017 02 02 09   189   161 10190    70    60     8 -9999 -9999
2017 02 02 15   192   168 10204    70    20     9 -9999 -9999
2017 02 02 21   194   174 10183    70    30     9 -9999 -9999
2017 02 03 03   196   181 10199    90    40     7 -9999 -9999
2017 02 03 09   195   178 10162    90    50     8 -9999 -9999
2017 02 03 15   188   176 10182    90    30     9 -9999 -9999
2017 02 03 21   193   186 10145    70    30     9 -9999 -9999
2017 02 04 03   216   208 10159    90    20     7 -9999 -9999
2017 02 04 09   183   171 10132    70    30     8 -9999 -9999
2017 02 04 15   168   160 10152   200    10     9 -9999 -9999
2017 02 04 21   171   166 10142   360    10     9 -9999 -9999
2017 02 05 03   194   155 10169    20    30     3 -9999 -9999
2017 02 05 09   207   163 10123   360    30     1 -9999 -9999
2017 02 05 15   176   159 10143    90    20     9 -9999 -9999
2017 02 05 21   154   148 10129   160    10     9 -9999 -9999
2017 02 06 03   204   178 10160    40    20     7 -9999 -9999
2017 02 06 09   213   181 10124    70    40     6 -9999 -9999
2017 02 06 15   204   194 10143    90    30     9 -9999 -9999
2017 02 06 18   206   196 10141    70    20     9 -9999     1
2017 02 06 21   203   196 10132    90    20     9 -9999 -9999
2017 02 07 03   231   204 10158    90    40     7 -9999 -9999
2017 02 07 09   218   208 10122    70    20     8 -9999 -9999
2017 02 07 15   213   206 10140    90    30     9 -9999 -9999
2017 02 07 21   204   199 10129    90    30     9 -9999 -9999
2017 02 08 03   235   204 10164    70    20     7 -9999 -9999
2017 02 08 09   213   196 10131    40    40     7 -9999 -9999
2017 02 08 15   176   165 10175    20    70     9 -9999 -9999
2017 02 08 21   153   148 10183    40    50     9 -9999 -9999
2017 02 09 03   153   103 10222    70    50     8 -9999 -9999
2017 02 09 09   147    84 10182    70    50     8 -9999 -9999
2017 02 09 15   157    87 10205    70    40     9 -9999 -9999
2017 02 09 21   151    88 10203    70    50     9 -9999 -9999
2017 02 10 03   156    93 10236    70    50     8 -9999 -9999
2017 02 10 09   146    85 10211    40    40     8 -9999 -9999
2017 02 10 15   147    80 10241    70    30     9 -9999 -9999
2017 02 10 21   147    89 10240    70    50     9 -9999 -9999
2017 02 11 03   161    76 10276    40    50     7 -9999 -9999
2017 02 11 09   154    64 10241    40    50     7 -9999 -9999
2017 02 11 15   155    78 10270    40    30     9 -9999 -9999
2017 02 11 21   161    98 10255    70    30     9 -9999 -9999
2017 02 12 03   178    99 10276    70    40     7 -9999 -9999
2017 02 12 09   181   107 10235    90    40     3 -9999 -9999
2017 02 12 15   150   104 10259    90    10     9 -9999 -9999
2017 02 12 21   157   123 10250    70    20     9 -9999 -9999
2017 02 13 03   205   114 10275    90    30     6 -9999 -9999
2017 02 13 09   192   140 10242    70    60     6 -9999 -9999
2017 02 13 15   174   147 10263    90    40     9 -9999 -9999
2017 02 13 21   169   145 10253    70    20     9 -9999 -9999
2017 02 14 03   191   161 10285    70    40     8 -9999 -9999
2017 02 14 09   184   156 10255    70    60     8 -9999 -9999
2017 02 14 15   188   168 10264    90    30     9 -9999 -9999
2017 02 14 21   190   171 10242    70    50     9 -9999 -9999
2017 02 15 03   204   174 10262    70    50     7 -9999 -9999
2017 02 15 09   197   175 10224    70    40     7 -9999 -9999
2017 02 15 15   183   175 10234    90    20     9 -9999 -9999
2017 02 15 21   175   170 10209    90    10     9 -9999 -9999
2017 02 16 03   220   184 10220   110    40     6 -9999 -9999
2017 02 16 09   211   183 10184    70    30     7 -9999 -9999
2017 02 16 15   189   176 10204    90    20     9 -9999 -9999
2017 02 16 21   178   170 10193    90    10     9 -9999 -9999
2017 02 17 03   214   186 10219    20    30     7 -9999 -9999
2017 02 17 09   211   177 10188    70    40     3 -9999 -9999
2017 02 17 15   187   174 10215    90    20     9 -9999 -9999
2017 02 17 21   169   166 10209   250    10     9 -9999 -9999
2017 02 18 03   206   176 10232    70    20     2 -9999 -9999
2017 02 18 09   251   136 10181    70    30     2 -9999 -9999
2017 02 18 15   195   173 10208    90    20     9 -9999 -9999
2017 02 18 21   172   167 10180    70    10     9 -9999 -9999
2017 02 19 03   225   191 10188    90    40     7 -9999 -9999
2017 02 19 09   232   187 10131    90    50     7 -9999 -9999
2017 02 19 15   207   192 10135   140    30     9 -9999 -9999
2017 02 19 21   196   191 10120   140    20     9 -9999 -9999
2017 02 20 03   234   193 10142    90    20     7 -9999 -9999
2017 02 20 09   281   188 10093   110    30     1 -9999 -9999
2017 02 20 15   217   198 10131   140    40     9 -9999 -9999
2017 02 20 21   214   202 10128   110    40     9 -9999 -9999
2017 02 21 03   253   210 10161   110    30     7 -9999 -9999
2017 02 21 09   278   216 10112   140    60     2 -9999 -9999
2017 02 21 15   239   223 10140   140    50     9 -9999 -9999
2017 02 21 21   239   223 10122   160    40     9 -9999 -9999
2017 02 22 03   283   223 10143   160    50     2 -9999 -9999
2017 02 22 09   234   207 10104    20    50     4 -9999 -9999
2017 02 22 15   232   220 10134   110    30     9 -9999 -9999
2017 02 22 21   239   222 10125   110    30     9 -9999 -9999
2017 02 23 03   259   220 10164   180    20     7 -9999 -9999
2017 02 23 09   165   157 10159    40    30     8 -9999 -9999
2017 02 23 15   162   157 10191    70    40     9 -9999 -9999
2017 02 23 21   154   148 10195    70    30     9 -9999 -9999
2017 02 24 03   125   120 10233    20    40     8 -9999 -9999
2017 02 24 09   137   131 10198    70    40     8 -9999 -9999
2017 02 24 15   141   135 10219    40    40     9 -9999 -9999
2017 02 24 21   139   134 10203    70    40     9 -9999 -9999
2017 02 25 03   120   115 10222    20    30     8 -9999 -9999
2017 02 25 09   125   116 10185    20    30     8 -9999 -9999
2017 02 25 15   130   122 10219    20    20     9 -9999 -9999
2017 02 25 21   123   115 10204    20    20     9 -9999 -9999
2017 02 26 03   134   126 10228    70    30     8 -9999 -9999
2017 02 26 09   153   122 10195    70    30     8 -9999 -9999
2017 02 26 15   155   124 10221    70    30     9 -9999 -9999
2017 02 26 21   160   131 10210    70    40     9 -9999 -9999
2017 02 27 03   177   132 10231    40    50     8 -9999 -9999
2017 02 27 09   171   140 10201    70    30     8 -9999 -9999
2017 02 27 15   180   158 10217    70    40     9 -9999 -9999
2017 02 27 21   181   150 10196    40    20     9 -9999 -9999
2017 02 28 03   184   158 10214    70    40     7 -9999 -9999
2017 02 28 09   201   171 10165    40    50     7 -9999 -9999
2017 02 28 15   193   176 10186    90    30     9 -9999 -9999
2017 02 28 21   194   181 10185    70    20     9 -9999 -9999
2017 03 01 03   192   147 10217    40    60     8 -9999 -9999
2017 03 01 09   199   109 10184    40    50     7 -9999 -9999
2017 03 01 15   189   146 10204    40    20     9 -9999 -9999
2017 03 01 21   171   138 10186    70    10     9 -9999 -9999
2017 03 02 03   213   132 10213    90    60     5 -9999 -9999
2017 03 02 09   207   119 10170    70    50     1 -9999 -9999
2017 03 02 15   186   139 10181    90    30     9 -9999 -9999
2017 03 02 21   182   156 10151    90    20     9 -9999 -9999
2017 03 03 03   228   159 10169   110    50     5 -9999 -9999
2017 03 03 09   251   146 10115   140    40     7 -9999 -9999
2017 03 03 15   210   180 10137   110    40     9 -9999 -9999
2017 03 03 21   195   187 10124   110    20     9 -9999 -9999
2017 03 04 03   239   192 10134   160    40     7 -9999 -9999
2017 03 04 09   268   178 10090   140    50     6 -9999 -9999
2017 03 04 15   210   197 10108   140    20     9 -9999 -9999
2017 03 04 21   205   195 10101   110    30     9 -9999 -9999
2017 03 05 03   256   185 10123   160    60     3 -9999 -9999
2017 03 05 09   278   199 10075   320    20     4 -9999 -9999
2017 03 05 15   204   183 10105   250    10     9 -9999 -9999
2017 03 05 21   202   197 10105   340    10     9 -9999 -9999
2017 03 06 03   224   199 10147   140    20     8 -9999 -9999
2017 03 06 09   239   200 10105    90    40     6 -9999 -9999
2017 03 06 15   223   206 10136    90    30     9 -9999 -9999
2017 03 06 21   212   193 10130    90    30     9 -9999 -9999
2017 03 07 03   230   196 10157    70    50     7 -9999 -9999
2017 03 07 09   214   193 10122    70    50     7 -9999 -9999
2017 03 07 15   205   193 10155    70    50     9 -9999 -9999
2017 03 07 18   196   184 10145    70    40     9 -9999 -9999
2017 03 07 21   191   183 10143    70    30     9 -9999 -9999
2017 03 08 03   179   173 10177    40    40     8 -9999 -9999
2017 03 08 09   171   163 10147    70    50     8 -9999 -9999
2017 03 08 15   176   170 10167    70    50     9 -9999 -9999
2017 03 08 21   189   186 10135    70    20     9 -9999 -9999
2017 03 09 03   192   187 10154    70    20     8 -9999 -9999
2017 03 09 09   200   187 10111    70    30     7 -9999 -9999
2017 03 09 15   207   204 10119   110    30     9 -9999 -9999
2017 03 09 21   215   210 10100   180    20     9 -9999 -9999
2017 03 10 03   236   211 10124   290    10     2 -9999 -9999
2017 03 10 09   255   203 10083   320    50     0 -9999 -9999
2017 03 10 15   222   201 10114    20    10     9 -9999 -9999
2017 03 10 21   209   199 10105    40    10     9 -9999 -9999
2017 03 11 03   240   215 10139   200    20     7 -9999 -9999
2017 03 11 09   274   214 10100   140    70     7 -9999 -9999
2017 03 11 15   235   221 10130   110    50     9 -9999 -9999
2017 03 11 21   227   219 10115   110    30     9 -9999 -9999
2017 03 12 03   274   210 10129   140    50     5 -9999 -9999
2017 03 12 09   293   213 10078   140    60     1 -9999 -9999
2017 03 12 15   241   220 10114   140    30     9 -9999 -9999
2017 03 12 21   234   218 10087   160    40     9 -9999 -9999
2017 03 13 03   289   209 10104   180    30     1 -9999 -9999
2017 03 13 09   296   193 10068    20    20     1 -9999 -9999
2017 03 13 15   251   224 10102   140    30     9 -9999 -9999
2017 03 13 21   233   217 10093   110    20     9 -9999 -9999
2017 03 14 03   245   214 10135    20    40     7 -9999 -9999
2017 03 14 09   261   222 10116    90    40     7 -9999 -9999
2017 03 14 15   223   208 10153    90    40     9 -9999 -9999
2017 03 14 21   229   214 10142    90    20     9 -9999 -9999
2017 03 15 03   253   212 10163   140    40     7 -9999 -9999
2017 03 15 09   266   207 10118   110    40     7 -9999 -9999
2017 03 15 15   235   212 10145    90    50     9 -9999 -9999
2017 03 15 21   227   213 10129   110    40     9 -9999 -9999
2017 03 16 03   267   210 10150   110    30     7 -9999 -9999
2017 03 16 09   287   196 10105   140    40     6 -9999 -9999
2017 03 16 15   235   212 10142    90    50     9 -9999 -9999
2017 03 16 21   229   214 10132    90    20     9 -9999 -9999
2017 03 17 03   252   209 10150   110    50     7 -9999 -9999
2017 03 17 09   259   202 10122   140    70     7 -9999 -9999
2017 03 17 15   241   222 10153    90    20     9 -9999 -9999
2017 03 17 21   238   224 10141   110    50     9 -9999 -9999
2017 03 18 03   275   218 10159   110    40     7 -9999 -9999
2017 03 18 09   281   219 10122   140    40     7 -9999 -9999
2017 03 18 15   241   231 10148    90    30     9 -9999 -9999
2017 03 18 21   240   230 10139   110    40     9 -9999 -9999
2017 03 19 03   226   200 10167    90    50     7 -9999 -9999
2017 03 19 09   243   210 10135    90    60     7 -9999 -9999
2017 03 19 15   228   213 10154    90    30     9 -9999 -9999
2017 03 19 21   232   222 10128   140    40     9 -9999 -9999
2017 03 20 03   275   220 10148   140    40     5 -9999 -9999
2017 03 20 09   291   233 10102    40    30     2 -9999 -9999
2017 03 20 15   246   223 10138   110    40     9 -9999 -9999
2017 03 20 21   237   225 10130    90    30     9 -9999 -9999
2017 03 21 00   241   225 10147   110    20     7 -9999 -9999
2017 03 21 03   271   216 10149   110    20     7 -9999 -9999
2017 03 21 09   299   196 10108   110    40     6 -9999 -9999
2017 03 21 15   241   222 10127   140    50     9 -9999 -9999
2017 03 21 21   237   220 10098   140    30     9 -9999 -9999
2017 03 22 03   271   209 10119   160    30     7 -9999 -9999
2017 03 22 09   274   214 10089    70    10     6 -9999 -9999
2017 03 22 15   242   225 10119   110    30     9 -9999 -9999
2017 03 22 21   234   224 10109    90    30     9 -9999 -9999
2017 03 23 03   281   219 10145   140    30     7 -9999 -9999
2017 03 23 09   288   221 10097   110    50     6 -9999 -9999
2017 03 23 15   245   226 10134   110    40     9 -9999 -9999
2017 03 23 21   235   225 10123   140    40     9 -9999 -9999
2017 03 24 03   285   210 10147   140    50     6 -9999 -9999
2017 03 24 09   288   205 10109   140    70     2 -9999 -9999
2017 03 24 15   244   225 10138   110    40     9 -9999 -9999
2017 03 24 21   238   228 10136    70    20     9 -9999 -9999
2017 03 25 03   272   222 10166   160    20     7 -9999 -9999
2017 03 25 09   236   209 10130    20    50     7 -9999 -9999
2017 03 25 15   195   178 10185    70    50     9 -9999 -9999
2017 03 25 21   181   175 10178    40    40     9 -9999 -9999
2017 03 26 03   165   157 10231    40    50     8 -9999 -9999
2017 03 26 09   171   138 10205    40    40     8 -9999 -9999
2017 03 26 15   179   152 10226    70    50     9 -9999 -9999
2017 03 26 21   171   163 10210    70    40     9 -9999 -9999
2017 03 27 03   202   164 10229    70    50     7 -9999 -9999
2017 03 27 09   201   169 10192    70    40     8 -9999 -9999
2017 03 27 15   215   189 10204    70    50     9 -9999 -9999
2017 03 27 21   213   203 10170    90    20     9 -9999 -9999
2017 03 28 03   249   208 10185   140    30     7 -9999 -9999
2017 03 28 09   266   179 10141   160    30     5 -9999 -9999
2017 03 28 15   226   211 10165    90    30     9 -9999 -9999
2017 03 28 21   218   210 10151    90    20     9 -9999 -9999
2017 03 29 03   274   217 10173   110    30     7 -9999 -9999
2017 03 29 09   286   209 10137   140    30     7 -9999 -9999
2017 03 29 15   244   228 10174    90    20     9 -9999 -9999
2017 03 29 21   236   229 10153   110    30     9 -9999 -9999
2017 03 30 03   283   225 10169   140    40     6 -9999 -9999
2017 03 30 09   289   226 10122   140    50     2 -9999 -9999
2017 03 30 15   250   232 10149   160    40     9 -9999 -9999
2017 03 30 21   235   227 10120   180    20     9 -9999 -9999
2017 03 31 03   280   222 10150    20    20     6 -9999 -9999
2017 03 31 09   209   185 10136   340    60     8 -9999 -9999
2017 03 31 15   175   169 10190   360    40     9 -9999 -9999
2017 03 31 21   184   143 10182    70    50     9 -9999 -9999
2017 04 01 03   186   141 10215    70    40     8 -9999 -9999
2017 04 01 09   193   150 10184    70    50     8 -9999 -9999
2017 04 01 15   199   149 10204    90    30     9 -9999 -9999
2017 04 01 21   201   142 10190    90    40     9 -9999 -9999
2017 04 02 00   214   148 10205    90    40     7 -9999 -9999
2017 04 02 03   232   158 10214    70    40     7 -9999 -9999
2017 04 02 09   234   165 10182    70    70     6 -9999 -9999
2017 04 02 15   213   175 10202    90    30     9 -9999 -9999
2017 04 02 21   207   167 10179    90    40     9 -9999 -9999
2017 04 03 03   254   168 10202    90    60     4 -9999 -9999
2017 04 03 09   256   165 10163    90    50     6 -9999 -9999
2017 04 03 15   222   173 10188    90    40     9 -9999 -9999
2017 04 03 21   202   176 10164   110    20     9 -9999 -9999
2017 04 04 03   262   178 10182   110    40     7 -9999 -9999
2017 04 04 09   264   188 10137    70    40     7 -9999 -9999
2017 04 04 15   218   190 10158   110    10     9 -9999 -9999
2017 04 04 21   212   197 10134    90    10     9 -9999 -9999
2017 04 05 03   260   199 10147   110    30     7 -9999 -9999
2017 04 05 09   278   201 10102    90    50     7 -9999 -9999
2017 04 05 15   236   209 10122   140    40     9 -9999 -9999
2017 04 05 21   228   218 10108   180    10     9 -9999 -9999
2017 04 06 00   229   219 10126   140    30     7 -9999    10
2017 04 06 03   261   224 10130   160    20     7 -9999 -9999
2017 04 06 09   286   224 10083   140    30     7 -9999 -9999
2017 04 06 15   251   232 10110   140    30     9 -9999 -9999
2017 04 06 21   244   234 10098   140    30     9 -9999 -9999
2017 04 07 03   295   237 10123   160    40     6 -9999 -9999
2017 04 07 09   316   234 10077   140    40     6 -9999 -9999
2017 04 07 15   262   227 10106   140    40     9 -9999 -9999
2017 04 07 21   243   226 10091   140    30     9 -9999 -9999
2017 04 08 03   306   225 10116   180    40     2 -9999 -9999
2017 04 08 09   324   228 10062   160    60     2 -9999 -9999
2017 04 08 15   264   218 10090   140    40     9 -9999 -9999
2017 04 08 21   246   219 10062   160    50     9 -9999 -9999
2017 04 09 03   314   210 10087   180    50     0 -9999 -9999
2017 04 09 09   339   233 10035   180    50     0 -9999 -9999
2017 04 09 15   273   225 10060   160    40     9 -9999 -9999
2017 04 09 21   252   225 10036   140    40     9 -9999 -9999
2017 04 10 03   331   231 10063   180    20     3 -9999 -9999
2017 04 10 09   325   229 10018    40    20     1 -9999 -9999
2017 04 10 15   277   247 10043   140    40     9 -9999 -9999
2017 04 10 21   254   240 10032   140    40     9 -9999 -9999
2017 04 11 03   333   236 10064   160    30     3 -9999 -9999
2017 04 11 09   332   247 10038    20    20     3 -9999 -9999
2017 04 11 15   268   243 10077   340    10     9 -9999 -9999
2017 04 11 21   249   244 10074    40    30     9 -9999 -9999
2017 04 12 03   205   198 10133    20    50     8 -9999 -9999
2017 04 12 09   201   193 10116    70    60     8 -9999 -9999
2017 04 12 15   216   206 10153    70    40     9 -9999 -9999
2017 04 12 21   200   193 10155    70    40     9 -9999 -9999
2017 04 13 00   201   191 10168    70    50     8 -9999    80
2017 04 13 03   209   196 10176    70    50     8 -9999 -9999
2017 04 13 09   214   197 10152    70    30     8 -9999 -9999
2017 04 13 15   210   203 10170    70    30     9 -9999 -9999
2017 04 13 21   222   208 10143    90    30     9 -9999 -9999
2017 04 14 03   252   221 10155    40    20     7 -9999 -9999
2017 04 14 09   262   229 10113    70    40     6 -9999 -9999
2017 04 14 15   243   229 10128   110    30     9 -9999 -9999
2017 04 14 21   238   233 10114   140    30     9 -9999 -9999
2017 04 15 03   288   228 10132   180    30     7 -9999 -9999
2017 04 15 09   303   235 10088   140    50     3 -9999 -9999
2017 04 15 15   254   236 10113   140    30     9 -9999 -9999
2017 04 15 21   243   236 10105   140    20     9 -9999 -9999
2017 04 16 03   300   230 10126   140    40     7 -9999 -9999
2017 04 16 09   316   218 10097   140    30     6 -9999 -9999
2017 04 16 15   250   231 10131   110    40     9 -9999 -9999
2017 04 16 21   238   228 10115   140    30     9 -9999 -9999
2017 04 17 03   295   227 10128   320    30     4 -9999 -9999
2017 04 17 09   274   221 10092   290    40     6 -9999 -9999
2017 04 17 15   230   215 10121   220    10     9 -9999 -9999
2017 04 17 21   222   203 10093   220    20     9 -9999 -9999
2017 04 18 03   278   218 10116   320    30     6 -9999 -9999
2017 04 18 09   303   208 10075    20    20     6 -9999 -9999
2017 04 18 15   257   200 10096   140    20     9 -9999 -9999
2017 04 18 21   241   229 10068   160    10     9 -9999 -9999
2017 04 19 03   307   228 10090   200    30     3 -9999 -9999
2017 04 19 09   299   238 10066    40    30     5 -9999 -9999
2017 04 19 15   266   237 10077   140    30     9 -9999 -9999
2017 04 19 21   262   241 10071   140    20     9 -9999 -9999
2017 04 20 03   325   226 10092   180    40     6 -9999 -9999
2017 04 20 09   300   219 10055   180    20     6 -9999 -9999
2017 04 20 15   266   241 10084   160    30     9 -9999 -9999
2017 04 20 21   256   249 10060   140    40     9 -9999 -9999
2017 04 21 03   336   236 10080   220    40     0 -9999 -9999
2017 04 21 09   314   232 10042   320    50     6 -9999 -9999
2017 04 21 15   259   228 10101    70    40     9 -9999 -9999
2017 04 21 21   222   186 10103    20    30     9 -9999 -9999
2017 04 22 03   206   180 10146   340    30     7 -9999 -9999
2017 04 22 09   221   175 10114    70    40     7 -9999 -9999
2017 04 22 15   224   180 10149    70    30     9 -9999 -9999
2017 04 22 21   227   197 10122    90    20     9 -9999 -9999
2017 04 23 03   216   209 10152    40    40     8 -9999 -9999
2017 04 23 09   214   202 10118    70    40     8 -9999 -9999
2017 04 23 15   214   207 10140    90    30     9 -9999 -9999
2017 04 23 21   230   222 10118    90    20     9 -9999 -9999
2017 04 24 03   278   238 10132    40    10     7 -9999 -9999
2017 04 24 09   220   213 10115   180    40     8 -9999 -9999
2017 04 24 15   227   217 10121   110    20     9 -9999 -9999
2017 04 24 21   234   229 10095   110    20     9 -9999 -9999
2017 04 25 03   298   237 10109   200    30     6 -9999 -9999
2017 04 25 09   280   222 10076   140    60     6 -9999 -9999
2017 04 25 15   242   219 10107   180    20     9 -9999 -9999
2017 04 25 21   242   235 10081   140    30     9 -9999 -9999
2017 04 26 03   303   235 10108   320    20     1 -9999 -9999
2017 04 26 09   311   207 10078    90    10     7 -9999 -9999
2017 04 26 15   256   237 10112   250    10     9 -9999 -9999
2017 04 26 21   247   237 10095   320    10     9 -9999 -9999
2017 04 27 03   271   234 10129   360    30     7 -9999 -9999
2017 04 27 09   253   220 10107    70    40     8 -9999 -9999
2017 04 27 15   239   196 10153    90    50     9 -9999 -9999
2017 04 27 21   230   179 10142    40    50     9 -9999 -9999
2017 04 28 03   232   183 10163    70    50     8 -9999 -9999
2017 04 28 09   247   186 10134    70    30     6 -9999 -9999
2017 04 28 15   227   193 10149    90    20     9 -9999 -9999
2017 04 28 21   209   194 10135     0 -9999     9 -9999 -9999
2017 04 29 03   262   186 10156    90    30     7 -9999 -9999
2017 04 29 09   269   193 10122    90    40     6 -9999 -9999
2017 04 29 15   235   192 10138   140    30     9 -9999 -9999
2017 04 29 21   237   202 10119   110    20     9 -9999 -9999
2017 04 30 03   280   220 10128   180    30     7 -9999 -9999
2017 04 30 09   291   231 10092    90    40     7 -9999 -9999
2017 04 30 15   252   227 10115   140    40     9 -9999 -9999
2017 04 30 21   243   229 10101   140    40     9 -9999 -9999
2017 05 01 03   301   230 10120   160    40     5 -9999 -9999
2017 05 01 09   310   239 10075   140    40     6 -9999 -9999
2017 05 01 15   263   234 10104   140    30     9 -9999 -9999
2017 05 01 21   253   234 10090   140    20     9 -9999 -9999
2017 05 02 03   316   234 10109   160    40     6 -9999 -9999
2017 05 02 09   335   238 10061    20    20     5 -9999 -9999
2017 05 02 15   278   244 10094   160    30     9 -9999 -9999
2017 05 02 21   259   243 10083   160    30     9 -9999 -9999
2017 05 03 03   319   245 10099   160    40     4 -9999 -9999
2017 05 03 09   341   255 10060   160    30     7 -9999 -9999
2017 05 03 15   277   251 10082   140    40     9 -9999 -9999
2017 05 03 21   268   248 10076   140    40     9 -9999 -9999
2017 05 04 03   268   229 10124   360    60     8 -9999 -9999
2017 05 04 09   273   229 10101    70    50     7 -9999 -9999
2017 05 04 15   253   222 10127    70    20     9 -9999 -9999
2017 05 04 21   254   235 10115    90    30     9 -9999 -9999
2017 05 05 03   294   247 10144    90    10     7 -9999 -9999
2017 05 05 09   249   224 10124   110    40     8 -9999 -9999
2017 05 05 15   245   218 10148   110    10     9 -9999 -9999
2017 05 05 21   250   229 10138   160    10     9 -9999 -9999
2017 05 06 03   301   245 10158   180    20     5 -9999 -9999
2017 05 06 09   283   243 10113    90    30     7 -9999 -9999
2017 05 06 15   269   247 10157   140    30     9 -9999 -9999
2017 05 06 21   251   239 10126   140    10     9 -9999 -9999
2017 05 07 03   311   230 10142   140    40     6 -9999 -9999
2017 05 07 09   269   229 10102   110    30     6 -9999 -9999
2017 05 07 15   263   243 10132   140    40     9 -9999 -9999
2017 05 07 21   257   239 10106   160    30     9 -9999 -9999
2017 05 08 03   302   231 10116   200    30     7 -9999 -9999
2017 05 08 09   318   233 10069    20    30     2 -9999 -9999
2017 05 08 15   273   248 10111   110    40     9 -9999 -9999
2017 05 08 21   260   246 10091   140    20     9 -9999 -9999
2017 05 09 03   316   242 10127   140    30     7 -9999 -9999
2017 05 09 09   255   226 10099    70    10     7 -9999 -9999
2017 05 09 15   264   248 10129   110    30     9 -9999 -9999
2017 05 09 21   257   250 10123    90    10     9 -9999 -9999
2017 05 10 03   267   223 10153    70    70     7 -9999 -9999
2017 05 10 09   272   226 10117   180    30     7 -9999 -9999
2017 05 10 15   255   232 10144   140    20     9 -9999 -9999
2017 05 10 21   255   243 10131   110    10     9 -9999 -9999
2017 05 11 03   311   235 10144   140    20     4 -9999 -9999
2017 05 11 09   309   253 10101    70    40     6 -9999 -9999
2017 05 11 15   266   248 10131   140    20     9 -9999 -9999
2017 05 11 21   254   242 10111   140    20     9 -9999 -9999
2017 05 12 03   311   230 10124   250    30     6 -9999 -9999
2017 05 12 09   297   236 10091    70    40     7 -9999 -9999
2017 05 12 15   254   221 10114   220    20     9 -9999 -9999
2017 05 12 21   258   231 10098    70    10     9 -9999 -9999
2017 05 13 03   267   244 10118   200    10     8 -9999 -9999
2017 05 13 09   303   232 10080    40    30     6 -9999 -9999
2017 05 13 15   264   239 10107   110    20     9 -9999 -9999
2017 05 13 21   252   238 10093    70    10     9 -9999 -9999
2017 05 14 03   310   226 10106   200    30     6 -9999 -9999
2017 05 14 09   257   234 10077   140    40     7 -9999 -9999
2017 05 14 15   247   233 10099   140    30     9 -9999 -9999
2017 05 14 21   245   235 10071   140    20     9 -9999 -9999
2017 05 15 03   309   248 10076   160    30     7 -9999 -9999
2017 05 15 09   292   245 10058    40    30     7 -9999 -9999
2017 05 15 15   254   240 10082   270    10     9 -9999 -9999
2017 05 15 21   257   245 10068    20    10     9 -9999 -9999
2017 05 16 03   256   223 10092    20    20     8 -9999 -9999
2017 05 16 09   266   224 10066    70    40     8 -9999 -9999
2017 05 16 15   259   222 10095    70    20     9 -9999 -9999
2017 05 16 21   239   227 10082     0 -9999     9 -9999 -9999
2017 05 17 03   288   205 10098    90    40     5 -9999 -9999
2017 05 17 09   277   213 10084    40    50     7 -9999 -9999
2017 05 17 15   261   222 10107    90    30     9 -9999 -9999
2017 05 17 21   259   226 10098    70    20     9 -9999 -9999
2017 05 18 03   281   223 10116    70    50     7 -9999 -9999
2017 05 18 09   277   220 10099    70    30     7 -9999 -9999
2017 05 18 15   265   230 10112    90    40     9 -9999 -9999
2017 05 18 21   259   236 10092    90    20     9 -9999 -9999
2017 05 19 03   284   242 10100    90    40     7 -9999 -9999
2017 05 19 09   264   252 10076    70    20     8 -9999 -9999
2017 05 19 15   262   252 10094    90    30     9 -9999 -9999
2017 05 19 21   258   244 10063    90    50     9 -9999 -9999
2017 05 20 00   266   246 10080    90    40     7 -9999 -9999
2017 05 20 03   289   251 10078    90    30     7 -9999 -9999
2017 05 20 09   255   250 10042    40    40     8 -9999 -9999
2017 05 20 15   261   251 10061    90    20     9 -9999 -9999
2017 05 20 21   251   244 10043   110    10     9 -9999 -9999
2017 05 21 00   254   245 10060   140    20     7 -9999 -9999
2017 05 21 03   286   252 10066   360    20     7 -9999 -9999
2017 05 21 09   308   245 10035    20    20     6 -9999 -9999
2017 05 21 12   272   248 10046    90    20     4 -9999 -9999
2017 05 21 15   265   242 10066   140    20     9 -9999 -9999
2017 05 21 21   257   245 10047   140    20     9 -9999 -9999
2017 05 22 00   280   246 10058   140    10     5 -9999 -9999
2017 05 22 03   320   258 10066    70    20     7 -9999 -9999
2017 05 22 06   326   259 10045   360    30     7 -9999 -9999
2017 05 22 09   319   269 10029    20    30     6 -9999 -9999
2017 05 22 15   284   270 10068   110    30     9 -9999 -9999
2017 05 22 21   276   267 10054   140    20     9 -9999 -9999
2017 05 23 03   325   258 10071   200    20     3 -9999 -9999
2017 05 23 09   293   251 10032   110    30     7 -9999 -9999
2017 05 23 15   284   264 10065   140    20     9 -9999 -9999
2017 05 23 21   270   260 10047   220    10     9 -9999 -9999
2017 05 24 03   303   265 10072   290    20     0 -9999 -9999
2017 05 24 09   292   243 10045    40    40     7 -9999 -9999
2017 05 24 15   279   251 10085    90    20     9 -9999 -9999
2017 05 24 21   253   244 10073    20    50     9 -9999 -9999
2017 05 25 03   268   231 10100    20    30     7 -9999 -9999
2017 05 25 09   265   226 10080    20    30     8 -9999 -9999
2017 05 25 15   256   225 10104    40    20     9 -9999 -9999
2017 05 25 21   240   221 10087    20    30     9 -9999 -9999
2017 05 26 03   254   217 10108    20    20     8 -9999 -9999
2017 05 26 09   259   222 10083    40    50     8 -9999 -9999
2017 05 26 15   260   214 10102    70    40     9 -9999 -9999
2017 05 26 21   257   224 10086    40    40     9 -9999 -9999
2017 05 27 03   266   222 10104    70    40     8 -9999 -9999
2017 05 27 09   272   222 10079    70    50     7 -9999 -9999
2017 05 27 15   254   213 10096    90    20     9 -9999 -9999
2017 05 27 21   257   212 10082    70    30     9 -9999 -9999
2017 05 28 03   291   216 10101    70    50     7 -9999 -9999
2017 05 28 09   286   206 10077    90    50     3 -9999 -9999
2017 05 28 15   259   226 10095    90    30     9 -9999 -9999
2017 05 28 21   256   233 10085    70    20     9 -9999 -9999
2017 05 29 03   282   231 10099    70    40     7 -9999 -9999
2017 05 29 09   286   237 10071    70    60     7 -9999 -9999
2017 05 29 15   269   240 10089    90    40     9 -9999 -9999
2017 05 29 21   263   245 10085    70    20     9 -9999 -9999
2017 05 30 03   297   248 10093    90    10     7 -9999 -9999
2017 05 30 09   305   249 10067    70    30     7 -9999 -9999
2017 05 30 15   272   250 10092   140    20     9 -9999 -9999
2017 05 30 21   249   242 10079   270    10     9 -9999 -9999
2017 05 31 03   315   258 10081   250    20     7 -9999 -9999
2017 05 31 09   319   242 10041    40    30     6 -9999 -9999
2017 05 31 15   283   265 10060   270    10     9 -9999 -9999
2017 05 31 21   269   260 10036   160    30     9 -9999 -9999
2017 06 01 03   334   243 10042   220    50     7 -9999 -9999
2017 06 01 09   361   250 10005   290    30     7 -9999 -9999
2017 06 01 15   301   240 10025   200    20     9 -9999 -9999
2017 06 01 21   280   238 10022   180    20     9 -9999 -9999
2017 06 02 03   341   249 10034   220    30     7 -9999 -9999
2017 06 02 09   358   231 10003   250    40     7 -9999 -9999
2017 06 02 15   299   243 10026   180    20     9 -9999 -9999
2017 06 02 21   279   251 10018   140    20     9 -9999 -9999
2017 06 03 03   348   247 10028   250    40     6 -9999 -9999
2017 06 03 09   368   240  9996   220    40     5 -9999 -9999
2017 06 03 15   314   240 10024   180    20     9 -9999 -9999
2017 06 03 21   286   235 10012   140    20     9 -9999 -9999
2017 06 04 00   300   248 10020   160    30     5 -9999 -9999
2017 06 04 03   350   240 10018   180    30     6 -9999 -9999
2017 06 04 09   356   249  9995    20    30     4 -9999 -9999
2017 06 04 15   313   252 10032   160    10     9 -9999 -9999
2017 06 04 21   289   245 10025   140    20     9 -9999 -9999
2017 06 05 03   347   234 10043   160    40     4 -9999 -9999
2017 06 05 09   306   219 10008    90    80     7 -9999 -9999
2017 06 05 15   290   266 10063   140    20     9 -9999 -9999
2017 06 05 21   280   269 10059   140    30     9 -9999 -9999
2017 06 06 03   334   262 10077   140    30     6 -9999 -9999
2017 06 06 09   337   251 10048   110    30     5 -9999 -9999
2017 06 06 15   287   261 10097   140    30     9 -9999 -9999
2017 06 06 21   278   260 10076   110    20     9 -9999 -9999
2017 06 07 03   313   247 10094   140    30     6 -9999 -9999
2017 06 07 09   328   240 10059   140    50     6 -9999 -9999
2017 06 07 15   284   256 10088   110    30     9 -9999 -9999
2017 06 07 21   274   258 10074   140    30     9 -9999 -9999
2017 06 08 03   304   241 10095   140    40     7 -9999 -9999
2017 06 08 06   279   249 10087   140    50     7 -9999     1
2017 06 08 09   293   248 10065   140    60     7 -9999 -9999
2017 06 08 15   273   253 10087   140    40     9 -9999 -9999
2017 06 08 21   263   253 10071   110    20     9 -9999 -9999
2017 06 09 03   312   253 10083   140    40     7 -9999 -9999
2017 06 09 09   285   261 10057   160    20     7 -9999 -9999
2017 06 09 15   271   259 10082   140    30     9 -9999 -9999
2017 06 09 21   264   254 10075   140    20     9 -9999 -9999
2017 06 10 03   317   253 10079   180    30     5 -9999 -9999
2017 06 10 06   324   247 10068    70    20     7 -9999 -9999
2017 06 10 09   323   256 10049    90    30     3 -9999 -9999
2017 06 10 15   278   256 10075   140    30     9 -9999 -9999
2017 06 10 21   266   256 10058   110    20     9 -9999 -9999
2017 06 11 03   318   249 10070   250    10     7 -9999 -9999
2017 06 11 09   326   238 10039   360    30     5 -9999 -9999
2017 06 11 15   278   258 10066   110    20     9 -9999 -9999
2017 06 11 21   270   256 10046   140    10     9 -9999 -9999
2017 06 12 00   294   258 10053   140    20     3 -9999 -9999
2017 06 12 03   321   257 10051   360    20     6 -9999 -9999
2017 06 12 09   312   246 10024   360    40     7 -9999 -9999
2017 06 12 15   286   258 10055   180    10     9 -9999 -9999
2017 06 12 21   273   253 10040   140    20     9 -9999 -9999
2017 06 13 00   283   255 10058   140    20     7 -9999 -9999
2017 06 13 03   305   262 10063   200    20     7 -9999 -9999
2017 06 13 09   338   235 10045   140    20     7 -9999 -9999
2017 06 13 15   276   236 10070   160    20     9 -9999 -9999
2017 06 13 21   276   260 10067   160    20     9 -9999 -9999
2017 06 14 03   314   255 10081   200    30     7 -9999 -9999
2017 06 14 09   324   255 10055    20    40     7 -9999 -9999
2017 06 14 15   275   259 10081   140    30     9 -9999 -9999
2017 06 14 21   271   257 10066   180    20     9 -9999 -9999
2017 06 15 03   322   253 10079   200    20     6 -9999 -9999
2017 06 15 06   331   256 10060    40    30     5 -9999 -9999
2017 06 15 09   260   246 10056   140    20     8 -9999 -9999
2017 06 15 15   266   243 10066   140    30     9 -9999 -9999
2017 06 15 21   265   242 10054   140    20     9 -9999 -9999
2017 06 16 03   318   256 10064   200    30     7 -9999 -9999
2017 06 16 09   337   249 10026   320    50     7 -9999 -9999
2017 06 16 15   294   256 10053   160    10     9 -9999 -9999
2017 06 16 21   277   255 10034    40    10     9 -9999 -9999
2017 06 17 03   264   246 10053   220    10     8 -9999 -9999
2017 06 17 09   296   254 10023   220    10     7 -9999 -9999
2017 06 17 15   270   239 10053   140    10     9 -9999 -9999
2017 06 17 21   266   252 10027   140    10     9 -9999 -9999
2017 06 18 03   304   257 10043   200    20     7 -9999 -9999
2017 06 18 09   293   259 10025   360    10     7 -9999 -9999
2017 06 18 15   272   260 10054     0 -9999     9 -9999 -9999
2017 06 18 21   267   257 10035   140    20     9 -9999 -9999
2017 06 19 03   305   256 10053   220    20     7 -9999 -9999
2017 06 19 09   285   245 10033   140    40     7 -9999 -9999
2017 06 19 15   264   243 10055   140    30     9 -9999 -9999
2017 06 19 21   259   243 10040   140    20     9 -9999 -9999
2017 06 20 03   313   239 10049   160    30     7 -9999 -9999
2017 06 20 09   264   246 10031    90    20     8 -9999 -9999
2017 06 20 12   259   243 10033   140    20     7 -9999   160
2017 06 20 15   263   251 10046   160    30     9 -9999 -9999
2017 06 20 21   260   242 10036   140    20     9 -9999 -9999
2017 06 21 03   322   253 10047   200    40     6 -9999 -9999
2017 06 21 09   285   261 10018    70    20     7 -9999 -9999
2017 06 21 15   271   251 10051   140    30     9 -9999 -9999
2017 06 21 21   271   260 10042   160    30     9 -9999 -9999
2017 06 22 03   320   258 10067   160    40     5 -9999 -9999
2017 06 22 09   333   250 10034   140    40     7 -9999 -9999
2017 06 22 15   282   256 10065   140    40     9 -9999 -9999
2017 06 22 21   270   256 10058   140    40     9 -9999 -9999
2017 06 23 03   321   254 10070   160    30     6 -9999 -9999
2017 06 23 09   332   255 10030   140    40     6 -9999 -9999
2017 06 23 15   279   255 10061   140    30     9 -9999 -9999
2017 06 23 21   269   259 10043   140    30     9 -9999 -9999
2017 06 24 00   286   258 10055   200    20     2 -9999 -9999
2017 06 24 03   321   247 10057   220    20     3 -9999 -9999
2017 06 24 09   296   251 10035   180    50     7 -9999 -9999
2017 06 24 15   274   254 10056   160    20     9 -9999 -9999
2017 06 24 21   268   256 10048   160    20     9 -9999 -9999
2017 06 25 00   290   256 10055   160    30     6 -9999 -9999
2017 06 25 03   324   247 10062   160    40     5 -9999 -9999
2017 06 25 09   295   265 10039   270    10     7 -9999 -9999
2017 06 25 15   284   252 10070   160    30     9 -9999 -9999
2017 06 25 21   270   254 10066   140    20     9 -9999 -9999
2017 06 26 03   323   254 10082   180    30     6 -9999 -9999
2017 06 26 09   327   255 10053    70    10     7 -9999 -9999
2017 06 26 15   285   247 10087   140    20     9 -9999 -9999
2017 06 26 21   266   250 10078   160    30     9 -9999 -9999
2017 06 27 03   323   254 10089   180    30     7 -9999 -9999
2017 06 27 09   337   243 10059   140    40     7 -9999 -9999
2017 06 27 15   282   250 10097   140    30     9 -9999 -9999
2017 06 27 21   267   255 10088   160    20     9 -9999 -9999
2017 06 28 03   322   243 10098   180    30     6 -9999 -9999
2017 06 28 09   309   253 10074    90    40     7 -9999 -9999
2017 06 28 15   276   250 10097   160    30     9 -9999 -9999
2017 06 28 21   262   248 10086   160    20     9 -9999 -9999
2017 06 29 03   314   238 10095   160    40     6 -9999 -9999
2017 06 29 09   322   237 10061   160    40     7 -9999 -9999
2017 06 29 15   277   247 10084   140    40     9 -9999 -9999
2017 06 29 21   266   250 10064   160    30     9 -9999 -9999
2017 06 30 03   319   242 10076   180    50     7 -9999 -9999
2017 06 30 06   340   234 10053   220    20     6 -9999 -9999
2017 06 30 15   262   242 10068   140    30     9 -9999 -9999
2017 06 30 21   264   248 10049   160    30     9 -9999 -9999
2017 07 01 03   324   257 10055   200    20     6 -9999 -9999
2017 07 01 09   261   243 10043   140    40     7 -9999 -9999
2017 07 01 15   272   254 10054   180    20     9 -9999 -9999
2017 07 01 21   265   247 10038   160    20     9 -9999 -9999
2017 07 02 03   323   251 10047   200    20     7 -9999 -9999
2017 07 02 09   323   251 10026    20    20     7 -9999 -9999
2017 07 02 15   283   232 10052   160    20     9 -9999 -9999
2017 07 02 21   265   242 10031   140    20     9 -9999 -9999
2017 07 03 03   289   245 10049   180    30     7 -9999 -9999
2017 07 03 09   311   261 10033   220    10     7 -9999 -9999
2017 07 03 15   270   230 10062   160    30     9 -9999 -9999
2017 07 03 21   266   246 10042   160    10     9 -9999 -9999
2017 07 04 03   316   255 10070   200    10     6 -9999 -9999
2017 07 04 09   249   244 10057   320    20     8 -9999 -9999
2017 07 04 15   260   244 10079    90    20     9 -9999 -9999
2017 07 04 21   259   249 10068   110    20     9 -9999 -9999
2017 07 05 03   314   253 10084   180    20     6 -9999 -9999
2017 07 05 09   256   246 10063   140    20     8 -9999 -9999
2017 07 05 15   256   249 10087   200    10     9 -9999 -9999
2017 07 05 21   257   250 10057   140    20     9 -9999 -9999
2017 07 06 03   288   252 10076   250    10     7 -9999 -9999
2017 07 06 09   304   245 10042    90    20     7 -9999 -9999
2017 07 06 15   249   235 10075   180    20     9 -9999 -9999
2017 07 06 21   249   239 10054   180    20     9 -9999 -9999
2017 07 07 03   293   246 10069   180    20     7 -9999 -9999
2017 07 07 09   266   254 10049    70    10     7 -9999 -9999
2017 07 07 15   255   243 10089   160    20     9 -9999 -9999
2017 07 07 21   260   246 10067   160    20     9 -9999 -9999
2017 07 08 03   308   245 10087   160    50     7 -9999 -9999
2017 07 08 09   304   257 10062   180    20     7 -9999 -9999
2017 07 08 15   278   260 10098   160    30     9 -9999 -9999
2017 07 08 21   268   252 10079   140    30     9 -9999 -9999
2017 07 09 03   320   253 10088   200    30     3 -9999 -9999
2017 07 09 09   311   250 10051   360    20     7 -9999 -9999
2017 07 09 15   267   257 10092   200    10     9 -9999 -9999
2017 07 09 21   261   249 10056   140    30     9 -9999 -9999
2017 07 10 00   280   251 10067   140    30     7 -9999 -9999
2017 07 10 03   319   255 10073   180    30     7 -9999 -9999
2017 07 10 09   294   254 10052   140    30     7 -9999 -9999
2017 07 10 15   268   256 10077   140    20     9 -9999 -9999
2017 07 10 21   266   256 10062   140    30     9 -9999 -9999
2017 07 11 03   314   250 10085   140    50     7 -9999 -9999
2017 07 11 09   314   235 10064   140    50     7 -9999 -9999
2017 07 11 15   273   251 10110   110    30     9 -9999 -9999
2017 07 11 21   264   250 10093   140    10     9 -9999 -9999
2017 07 12 03   293   251 10106   140    20     7 -9999 -9999
2017 07 12 09   274   254 10084    90    20     8 -9999 -9999
2017 07 12 15   269   253 10101    90    30     9 -9999 -9999
2017 07 12 21   254   247 10080   200    10     9 -9999 -9999
2017 07 13 03   267   247 10087   160    30     8 -9999 -9999
2017 07 13 09   290   241 10058   110    50     7 -9999 -9999
2017 07 13 15   269   249 10076    90    10     9 -9999 -9999
2017 07 13 21   256   247 10057    70    10     9 -9999 -9999
2017 07 14 03   271   255 10064    90    20     7 -9999 -9999
2017 07 14 09   247   238 10046    90    40     8 -9999 -9999
2017 07 14 15   264   254 10064   110    10     9 -9999 -9999
2017 07 14 21   259   249 10043    70    10     9 -9999 -9999
2017 07 15 03   296   251 10047    70    50     7 -9999 -9999
2017 07 15 09   291   251 10013    70    70     7 -9999 -9999
2017 07 15 15   274   252 10037    70    60     9 -9999 -9999
2017 07 15 21   266   243 10016    90    50     9 -9999 -9999
2017 07 16 03   258   240 10031    90    60     8 -9999 -9999
2017 07 16 09   282   250 10015    90    50     8 -9999 -9999
2017 07 16 15   266   252 10054    90    50     9 -9999 -9999
2017 07 16 21   258   244 10045    90    40     9 -9999 -9999
2017 07 17 03   261   249 10066    90    30     8 -9999 -9999
2017 07 17 09   312   246 10045   140    50     7 -9999 -9999
2017 07 17 15   274   260 10087   110    20     9 -9999 -9999
2017 07 17 21   261   252 10071   140    10     9 -9999 -9999
2017 07 18 03   301   261 10089    90    20     7 -9999 -9999
2017 07 18 09   257   247 10086   140    30     8 -9999 -9999
2017 07 18 15   257   252 10103   140    20     9 -9999 -9999
2017 07 18 21   256   251 10073   140    20     9 -9999 -9999
2017 07 19 03   286   254 10087   160    20     7 -9999 -9999
2017 07 19 09   265   245 10059    40    10     7 -9999 -9999
2017 07 19 15   251   239 10075   110    20     9 -9999 -9999
2017 07 19 21   256   249 10062   140    10     9 -9999 -9999
2017 07 20 03   309   255 10077   160    20     7 -9999 -9999
2017 07 20 09   315   236 10052   140    60     7 -9999 -9999
2017 07 20 15   273   255 10091   110    30     9 -9999 -9999
2017 07 20 21   263   254 10076   180    10     9 -9999 -9999
2017 07 21 00   287   255 10087    90    20     6 -9999 -9999
2017 07 21 03   311   240 10098    40    30     6 -9999 -9999
2017 07 21 09   303   225 10070    70    40     3 -9999 -9999
2017 07 21 15   280   250 10093    90    20     9 -9999 -9999
2017 07 21 21   256   246 10078   140    40     9 -9999 -9999
2017 07 22 03   276   252 10091   340    20     7 -9999 -9999
2017 07 22 09   250   240 10069    90    30     8 -9999 -9999
2017 07 22 15   264   254 10089    90    20     9 -9999 -9999
2017 07 22 21   264   255 -9999    20    20     9 -9999 -9999
2017 07 23 03   297   257 10065    40    40     7 -9999 -9999
2017 07 23 09   308   232 10029    70    30     7 -9999 -9999
2017 07 23 15   274   241 10052   320    10     9 -9999 -9999
2017 07 23 21   266   246 10031    20    20     9 -9999 -9999
2017 07 24 00   266   252 10040    40    30     6 -9999     6
2017 07 24 03   271   255 10047    40    10     7 -9999 -9999
2017 07 24 09   294   249 10016    90    40     6 -9999 -9999
2017 07 24 15   276   252 10042    90    40     9 -9999 -9999
2017 07 24 21   266   248 10017    90    40     9 -9999 -9999
2017 07 25 03   308   247 10040    90    50     7 -9999 -9999
2017 07 25 09   299   259 10021    70    60     7 -9999 -9999
2017 07 25 15   279   257 10051    90    30     9 -9999 -9999
2017 07 25 21   268   256 10028    90    10     9 -9999 -9999
2017 07 26 03   266   246 10049    90    30     8 -9999 -9999
2017 07 26 09   300   253 10024    90    40     7 -9999 -9999
2017 07 26 15   278   260 10046   140    10     9 -9999 -9999
2017 07 26 21   255   250 10034   250    10     9 -9999 -9999
2017 07 27 03   309   248 10048   360    30     3 -9999 -9999
2017 07 27 09   316   255 10022    20    20     6 -9999 -9999
2017 07 27 15   285   247 10050   140    20     9 -9999 -9999
2017 07 27 21   264   241 10042   270    10     9 -9999 -9999
2017 07 28 03   280   266 10061   340    20     8 -9999 -9999
2017 07 28 09   267   253 10035    70    10     8 -9999 -9999
2017 07 28 15   259   250 10055   250    20     9 -9999 -9999
2017 07 28 21   252   247 10037   270    10     9 -9999 -9999
2017 07 29 03   297   265 10041   290    50     7 -9999 -9999
2017 07 29 09   311   255 10004   290    60     6 -9999 -9999
2017 07 29 15   279   249 10017   250    20     9 -9999 -9999
2017 07 29 21   269   242 10001   290    30     9 -9999 -9999
2017 07 30 03   306   257 10015   290    50     1 -9999 -9999
2017 07 30 09   326   257  9983   270    40     6 -9999 -9999
2017 07 30 15   284   242 10003   250    20     9 -9999 -9999
2017 07 30 21   259   234  9989   250    20     9 -9999 -9999
2017 07 31 03   329   249 10013   270    30     7 -9999 -9999
2017 07 31 09   341   249  9983   290    20     7 -9999 -9999
2017 07 31 15   295   259 10015   200    20     9 -9999 -9999
2017 07 31 21   283   263 10006   140    10     9 -9999 -9999
2017 08 01 03   335   252 10025   220    30     6 -9999 -9999
2017 08 01 09   324   252 10001   270    40     7 -9999 -9999
2017 08 01 15   297   267 10038   140    10     9 -9999 -9999
2017 08 01 21   273   251 10019   180    20     9 -9999 -9999
2017 08 02 03   334   246 10025   220    40     7 -9999 -9999
2017 08 02 09   323   256  9995   270    30     7 -9999 -9999
2017 08 02 15   268   243 10026   140    30     9 -9999 -9999
2017 08 02 21   269   246 10000   140    30     9 -9999 -9999
2017 08 03 03   327   253 10011   220    20     7 -9999 -9999
2017 08 03 09   262   252  9995   140    50     8 -9999 -9999
2017 08 03 15   258   244 10016   140    30     9 -9999 -9999
2017 08 03 21   262   252  9997   140    30     9 -9999 -9999
2017 08 04 03   325   256 10016   180    20     6 -9999 -9999
2017 08 04 09   248   241 10013    70    10     8 -9999 -9999
2017 08 04 15   252   238 10033   140    20     9 -9999 -9999
2017 08 04 21   256   242 10026   140    20     9 -9999 -9999
2017 08 05 03   321   254 10047   180    50     6 -9999 -9999
2017 08 05 09   261   236 10039    70    20     8 -9999 -9999
2017 08 05 15   266   239 10066   110    20     9 -9999 -9999
2017 08 05 21   265   240 10060   160    30     9 -9999 -9999
2017 08 06 03   322   243 10075   270    20     2 -9999 -9999
2017 08 06 09   332   238 10049   360    40     6 -9999 -9999
2017 08 06 15   252   233 10078   160    30     9 -9999 -9999
2017 08 06 21   259   236 10068   180    10     9 -9999 -9999
2017 08 07 03   319   245 10080   200    20     2 -9999 -9999
2017 08 07 09   332   249 10044   340    30     5 -9999 -9999
2017 08 07 15   275   235 10076   160    20     9 -9999 -9999
2017 08 07 21   263   242 10061   250    10     9 -9999 -9999
2017 08 08 09   334   246 10043    40    20     6 -9999 -9999
2017 08 08 15   286   256 10068   320    10     9 -9999 -9999
2017 08 08 21   273   242 10057   160    20     9 -9999 -9999
2017 08 09 03   329   246 10065   200    40     2 -9999 -9999
2017 08 09 09   341   255 10033   320    30     6 -9999 -9999
2017 08 09 15   293   259 10061   140    20     9 -9999 -9999
2017 08 09 21   278   238 10046   160    30     9 -9999 -9999
2017 08 10 03   331   246 10063   180    30     7 -9999 -9999
2017 08 10 09   331   254 10031    20    30     7 -9999 -9999
2017 08 10 15   273   238 10063   140    20     9 -9999 -9999
2017 08 10 21   268   250 10061   140    30     9 -9999 -9999
2017 08 11 03   330   253 10069   180    40     6 -9999 -9999
2017 08 11 18   281   265 10072   160    30     9 -9999 -9999
2017 08 16 09   305   244 10057    90    20     7 -9999 -9999
2017 08 24 12   285   261 10053   140    40     6 -9999     4
2017 08 24 15   278   266 10070   140    30     9 -9999 -9999
2017 08 26 03   287   257 10066    70    50     8 -9999 -9999
2017 09 01 15   281   253 10069   200    20     9 -9999 -9999
2017 09 13 06   312   253 10078    70    50     7 -9999     3
2017 09 18 18   277   255 10093   160    20 -9999 -9999 -9999
2017 09 29 21   255   246 10117   160    10     9 -9999 -9999
2017 10 03 15   282   254 10130    90    30 -9999 -9999 -9999
2017 10 19 00   242   215 10136    20    30     7 -9999 -9999
2017 11 03 15   257   154 10164    40    50     9 -9999 -9999
2017 11 06 15   226   196 10155    70    50 -9999 -9999 -9999
2017 11 06 21   211   201 10139    40    60     9 -9999 -9999
2017 11 08 12   229   215 10146    70    30     8 -9999    10
2017 11 17 06   299   234 10086   140    20     6 -9999 -9999
2017 11 24 18   156   133 10212    20    30     9 -9999 -9999
2017 11 24 21   150   139 10206    20    20     9 -9999 -9999
2017 11 25 00   145   140 10219    20    30     8 -9999    10
2017 11 26 09   191   160 10185   270    10     8 -9999 -9999
2017 11 26 12   185   165 10196     0 -9999     8 -9999 -9999
2017 11 26 15   183   168 10196   290    10     9 -9999 -9999
2017 11 26 18   191   167 10185    20    10     9 -9999 -9999
2017 11 27 21   215   212 10145    70    40 -9999 -9999 -9999
2017 12 04 21   194   155 10192    70    50     9 -9999 -9999
2017 12 06 03   227   151 10185    70    50     7 -9999 -9999
2017 12 11 15   200   173 10178    90    40 -9999 -9999 -9999
2017 12 11 21   191   179 10161    70    10 -9999 -9999 -9999
2017 12 15 12   204   191 10188    40    50     8 -9999 -9999
2017 12 15 21   163   155 10202    40    40     9 -9999 -9999
2017 12 17 06   147    91 10261    40    40     7 -9999 -9999
